7.39
18.80
8.18
9.19
9.54
5.65
11.67
13.15
13.36
11.94
7.69
12.66
9.23
19.44
6.26
9.91
9.26
18.34
9.91
9.12
11.09
19.00
7.40
19.61
18.87
12.91
8.56
5.61
11.53
8.89
17.95
14.69
13.79
9.15
5.29
15.15
6.77
15.12
15.19
4.96
19.20
7.44
5.85
4.84
14.87
12.10
16.09
19.38
17.27
12.29
12.03
13.82
13.30
13.64
9.31
4.86
12.41
14.07
4.30
14.43
5.91
13.81
13.14
14.92
13.87
16.86
15.73
6.24
16.62
10.17
8.28
16.57
4.63
14.43
9.80
12.02
13.87
14.24
13.80
19.49
18.93
17.64
18.40
14.80
5.83
13.26
10.22
15.20
15.64
17.35
15.33
14.03
6.92
16.73
13.41
13.97
6.95
19.00
11.75
16.96
13.37
11.71
7.42
4.11
6.77
12.63
15.57
18.93
9.23
7.08
4.85
8.31
6.42
13.72
12.11
16.90
15.36
6.84
9.84
10.76
12.48
17.20
19.67
17.43
19.12
12.86
13.65
6.53
8.28
17.02
14.10
15.38
9.12
16.57
10.13
5.12
5.76
7.48
6.26
9.42
19.62
11.79
18.50
18.68
19.41
15.15
11.20
16.49
18.84
13.12
11.33
12.18
15.00
12.63
18.31
10.27
8.26
9.06
14.31
14.84
10.06
11.00
15.32
18.34
10.11
15.63
10.08
9.52
9.54
14.16
15.43
19.39
18.30
13.89
13.76
18.34
6.52
15.08
6.39
9.99
5.68
5.54
15.48
7.87
12.42
12.38
19.18
14.34
5.77
15.82
5.34
10.03
12.86
15.97
15.79
8.58
14.13
16.00
13.97
16.35
